990401
990402
990403
990404
990405
990406
990407
990408
990409
990410
990412
990413
990414
990415
990416
990417
990418
990419
990420
990421
990422
990423
990424
990425
990426
990427
990428
990429
990430
990501
990502
990503
990504
990505
990506
990507
990508
990509
990510
990512
990513
990514
990515
990516
990517
990518
990519
990520
990521
990522
990523
990524
990525
990526
990527
990528
990529
990530
990531
990601
990602
990603
990604
990605
990606
990607
990608
990609
990610
990612
990613
990614
990615
990616
990617
990618
990619
990620
990621
990622
990623
990624
990625
990626
990627
990628
990629
990630
990701
990702
990703
990704
990705
990706
990707
990708
990709
990710
990712
990713
990714
990715
990716
990717
990718
990719
990720
990721
990722
990723
990724
990725
990726
990727
990728
990729
990730
990731
990801
990802
990803
990804
990805
990806
990807
990808
990809
990810
990812
990813
990814
990815
990816
990817
990818
990819
990820
990821
990822
990823
990824
990825
990826
990827
990828
990829
990830
990831
990901
990902
990903
990904
990905
990906
990907
990908
990909
990910
990912
990913
990914
990915
990916
990917
990918
990919
990920
990921
990922
990923
990924
990925
990926
990927
990928
990929
990930
991001
991002
991003
991004
991005
991006
991007
991008
991009
991010
991012
991013
991014
991015
991016
991017
991018
991019
991020
991021
991022
991023
991024
991025
991026
991027
991028
991029
991030
991031